from utils import make_tf

# UR5E_BASE_POS = [
#     0.22331901,
#     0.37537452,
#     0.08791326,
# ]  # from hand to table calibration

# UR5E_BASE_QUAT = [
#     -0.19858483999999996,
#     -0.00311175,
#     0.0012299899999999998,
#     0.98007799,
# ]  # from hand to table calibration

# T_W_BOARD_CORNER = make_tf(
#     pos=[0.70162832, 0.63506023, 0.05866477], ori=[0.7071, 0, 0, -0.7071]
# )
UR5E_BASE_POS = [
    0.12461489508,
    0.37552305576,
    0.01300502413,
]  # from hand to table calibration

UR5E_BASE_QUAT = [
    0.923987307,
    -0.382421349,
    0.000264816757,
    -0.00113897542,
]
# from hand to table calibration 9.23987307e-01, -3.82421349e-01, 2.64816757e-04, -1.13897542e-03
# [ 0.0006181, 0.0009926, 0.9237704, 0.382945 ]

UR5E_BASE_ROT = [
    [7.07507683e-01, -7.06704343e-01, 1.36051168e-03],
    [7.07507683e-01, -7.06704343e-01, 1.36051168e-03],
    [-3.81762390e-04, -2.30734082e-03, -9.99997265e-01],
]

T_W_BASE = make_tf(pos=UR5E_BASE_POS, ori=UR5E_BASE_ROT)

T_W_BOARD_CORNER = make_tf(
    pos=[0.375591917, 0.124541456, 0.0412948769],
    ori=[0.0006181, 0.0009926, 0.9237704, 0.382945],
)

S1_POS = [0.3969, -0.4958, 0.2317]
S1_ROT = [
    [-0.09127, -0.995, -0.03997],
    [-0.9829, 0.09646, -0.1571],
    [0.1602, 0.02494, -0.9868],
]
S1_W_POS = [0.7561, -0.4463, 0.272]
S1_W_ROT = [
    [0.6302, -0.7721, 0.08142],
    [-0.7602, -0.635, -0.1375],
    [0.1579, 0.02476, -0.9871],
]

T_W_DEFAULT_R = [
    [-0.002084, -0.9963, 0.08578],
    [-1, 0.002257, 0.001914],
    [-0.0021, -0.08578, -0.9963],
]
T_W_DEFAULT_POS = [0.725, -0.175, 0.400]

T_W_DEFAULT = make_tf(T_W_DEFAULT_POS, T_W_DEFAULT_R)
T_BASE_S1 = make_tf(S1_POS, S1_ROT)
T_W_S1 = make_tf(S1_W_POS, S1_W_ROT)
ROBOTIQ_PORT = 63352
ROBOT_IP = "192.168.1.125"
_MAX_GRIPPER_FORCE = 255
_MAX_GRIPPER_SPEED = 255
_MAX_GRIPPER_POS = 255

_DEFAULT_GRIPPER_SPEED = int(_MAX_GRIPPER_SPEED * 0.02)
_DEFAULT_GRIPPER_FORCE = int(_MAX_GRIPPER_FORCE * 0.02)
_DEFAULT_GRIPPER_POS = int(_MAX_GRIPPER_FORCE * 0.02)
